FileID,File_Path
2984f10581697b79d771e15cf10bfe8f,NEX-GDDP-CMIP6/MIROC-ES2L/ssp585/r1i1p1f2/tasmax/tasmax_day_MIROC-ES2L_ssp585_r1i1p1f2_gn_2015.nc
dc210afc86df5ed4b3549d31b27e2dca,NEX-GDDP-CMIP6/MIROC-ES2L/ssp585/r1i1p1f2/tasmax/tasmax_day_MIROC-ES2L_ssp585_r1i1p1f2_gn_2016.nc
a7400e7f6c38e5f07d48961bc34b8dae,NEX-GDDP-CMIP6/MIROC-ES2L/ssp585/r1i1p1f2/tasmax/tasmax_day_MIROC-ES2L_ssp585_r1i1p1f2_gn_2017.nc
20efa32dcaed8896558331ec7f200cf6,NEX-GDDP-CMIP6/MIROC-ES2L/ssp585/r1i1p1f2/tasmax/tasmax_day_MIROC-ES2L_ssp585_r1i1p1f2_gn_2018.nc
9b7ff42ed6b5792959c78b6aac948e67,NEX-GDDP-CMIP6/MIROC-ES2L/ssp585/r1i1p1f2/tasmax/tasmax_day_MIROC-ES2L_ssp585_r1i1p1f2_gn_2019.nc
c3a43c3105bf282c5b88d5a9352a667b,NEX-GDDP-CMIP6/MIROC-ES2L/ssp585/r1i1p1f2/tasmax/tasmax_day_MIROC-ES2L_ssp585_r1i1p1f2_gn_2020.nc
612e001e188b512845efb06de31457e1,NEX-GDDP-CMIP6/MIROC-ES2L/ssp585/r1i1p1f2/tasmax/tasmax_day_MIROC-ES2L_ssp585_r1i1p1f2_gn_2021.nc
e3a68f253b58a171a1fdab9d8d668e14,NEX-GDDP-CMIP6/MIROC-ES2L/ssp585/r1i1p1f2/tasmax/tasmax_day_MIROC-ES2L_ssp585_r1i1p1f2_gn_2022.nc
d3f587b5225f3db7252b15d533ce1e1c,NEX-GDDP-CMIP6/MIROC-ES2L/ssp585/r1i1p1f2/tasmax/tasmax_day_MIROC-ES2L_ssp585_r1i1p1f2_gn_2023.nc
39d3cefb7b1b352735db1911c80c6e35,NEX-GDDP-CMIP6/MIROC-ES2L/ssp585/r1i1p1f2/tasmax/tasmax_day_MIROC-ES2L_ssp585_r1i1p1f2_gn_2024.nc
e37ae78839dff6eea234e981d2607c7c,NEX-GDDP-CMIP6/MIROC-ES2L/ssp585/r1i1p1f2/tasmax/tasmax_day_MIROC-ES2L_ssp585_r1i1p1f2_gn_2025.nc
ce413746969a943ee0c5cf17fb928acd,NEX-GDDP-CMIP6/MIROC-ES2L/ssp585/r1i1p1f2/tasmax/tasmax_day_MIROC-ES2L_ssp585_r1i1p1f2_gn_2026.nc
aa365c2cdb6a85124b21706245dd62f5,NEX-GDDP-CMIP6/MIROC-ES2L/ssp585/r1i1p1f2/tasmax/tasmax_day_MIROC-ES2L_ssp585_r1i1p1f2_gn_2027.nc
4226c030d25b79281ec9bbba1fa2db0b,NEX-GDDP-CMIP6/MIROC-ES2L/ssp585/r1i1p1f2/tasmax/tasmax_day_MIROC-ES2L_ssp585_r1i1p1f2_gn_2028.nc
60b7bd3edf4efa0c8215ef013eac3ad3,NEX-GDDP-CMIP6/MIROC-ES2L/ssp585/r1i1p1f2/tasmax/tasmax_day_MIROC-ES2L_ssp585_r1i1p1f2_gn_2029.nc
cfe5a2ed220d4aa011a85b213a0d4d4c,NEX-GDDP-CMIP6/MIROC-ES2L/ssp585/r1i1p1f2/tasmax/tasmax_day_MIROC-ES2L_ssp585_r1i1p1f2_gn_2030.nc
8707e6e2d91b74c0bf1b74615d9377c2,NEX-GDDP-CMIP6/MIROC-ES2L/ssp585/r1i1p1f2/tasmax/tasmax_day_MIROC-ES2L_ssp585_r1i1p1f2_gn_2031.nc
365102cea6d0418a21f966405a3dd7ef,NEX-GDDP-CMIP6/MIROC-ES2L/ssp585/r1i1p1f2/tasmax/tasmax_day_MIROC-ES2L_ssp585_r1i1p1f2_gn_2032.nc
a7911daceed6e5b68159d070a0e3e6eb,NEX-GDDP-CMIP6/MIROC-ES2L/ssp585/r1i1p1f2/tasmax/tasmax_day_MIROC-ES2L_ssp585_r1i1p1f2_gn_2033.nc
e96a77974981810765c6fe9607c372aa,NEX-GDDP-CMIP6/MIROC-ES2L/ssp585/r1i1p1f2/tasmax/tasmax_day_MIROC-ES2L_ssp585_r1i1p1f2_gn_2034.nc
3072358fa1fd4afc30a29e465636fa0b,NEX-GDDP-CMIP6/MIROC-ES2L/ssp585/r1i1p1f2/tasmax/tasmax_day_MIROC-ES2L_ssp585_r1i1p1f2_gn_2035.nc
404901b05ad96db72a5569d4032b7087,NEX-GDDP-CMIP6/MIROC-ES2L/ssp585/r1i1p1f2/tasmax/tasmax_day_MIROC-ES2L_ssp585_r1i1p1f2_gn_2036.nc
c2f0d732e004791fe47a4ac5498ee4b3,NEX-GDDP-CMIP6/MIROC-ES2L/ssp585/r1i1p1f2/tasmax/tasmax_day_MIROC-ES2L_ssp585_r1i1p1f2_gn_2037.nc
b7134518a2484de45f096b0e5246b56f,NEX-GDDP-CMIP6/MIROC-ES2L/ssp585/r1i1p1f2/tasmax/tasmax_day_MIROC-ES2L_ssp585_r1i1p1f2_gn_2038.nc
9b2eb476172f588e23998b376487c70c,NEX-GDDP-CMIP6/MIROC-ES2L/ssp585/r1i1p1f2/tasmax/tasmax_day_MIROC-ES2L_ssp585_r1i1p1f2_gn_2039.nc
8266f931bd80393877ec907ea8b62d07,NEX-GDDP-CMIP6/MIROC-ES2L/ssp585/r1i1p1f2/tasmax/tasmax_day_MIROC-ES2L_ssp585_r1i1p1f2_gn_2040.nc
e46ec6ff4df4a6f39784ce199f63269a,NEX-GDDP-CMIP6/MIROC-ES2L/ssp585/r1i1p1f2/tasmax/tasmax_day_MIROC-ES2L_ssp585_r1i1p1f2_gn_2041.nc
7c8f62b9dc32261bff9f7031f7efe244,NEX-GDDP-CMIP6/MIROC-ES2L/ssp585/r1i1p1f2/tasmax/tasmax_day_MIROC-ES2L_ssp585_r1i1p1f2_gn_2042.nc
5ac7c477b1e2d87876b43eef4dfd9274,NEX-GDDP-CMIP6/MIROC-ES2L/ssp585/r1i1p1f2/tasmax/tasmax_day_MIROC-ES2L_ssp585_r1i1p1f2_gn_2043.nc
4a5ef6bc093e393560a0d51f6dc90715,NEX-GDDP-CMIP6/MIROC-ES2L/ssp585/r1i1p1f2/tasmax/tasmax_day_MIROC-ES2L_ssp585_r1i1p1f2_gn_2044.nc
fcae6572f35226c841b5ce454621954e,NEX-GDDP-CMIP6/MIROC-ES2L/ssp585/r1i1p1f2/tasmax/tasmax_day_MIROC-ES2L_ssp585_r1i1p1f2_gn_2045.nc
35a3b25f90bb1922c7a140975b2410d8,NEX-GDDP-CMIP6/MIROC-ES2L/ssp585/r1i1p1f2/tasmax/tasmax_day_MIROC-ES2L_ssp585_r1i1p1f2_gn_2046.nc
e6674158b59bbca130c31486e0a6d537,NEX-GDDP-CMIP6/MIROC-ES2L/ssp585/r1i1p1f2/tasmax/tasmax_day_MIROC-ES2L_ssp585_r1i1p1f2_gn_2047.nc
11e75912133938d5ffdb006880d220e6,NEX-GDDP-CMIP6/MIROC-ES2L/ssp585/r1i1p1f2/tasmax/tasmax_day_MIROC-ES2L_ssp585_r1i1p1f2_gn_2048.nc
496d26e8502a1ce49b447a8ba67c605c,NEX-GDDP-CMIP6/MIROC-ES2L/ssp585/r1i1p1f2/tasmax/tasmax_day_MIROC-ES2L_ssp585_r1i1p1f2_gn_2049.nc
169ab60eaf16dd0f5e3bb71b8a94599c,NEX-GDDP-CMIP6/MIROC-ES2L/ssp585/r1i1p1f2/tasmax/tasmax_day_MIROC-ES2L_ssp585_r1i1p1f2_gn_2050.nc
0a48b153ebd8a32f6dd754ccc320714b,NEX-GDDP-CMIP6/MIROC-ES2L/ssp585/r1i1p1f2/tasmax/tasmax_day_MIROC-ES2L_ssp585_r1i1p1f2_gn_2051.nc
fd00122d326d78bffa3fc5f7606a0f93,NEX-GDDP-CMIP6/MIROC-ES2L/ssp585/r1i1p1f2/tasmax/tasmax_day_MIROC-ES2L_ssp585_r1i1p1f2_gn_2052.nc
7975fdd6ff0b77f0f8ad3cf791d997bc,NEX-GDDP-CMIP6/MIROC-ES2L/ssp585/r1i1p1f2/tasmax/tasmax_day_MIROC-ES2L_ssp585_r1i1p1f2_gn_2053.nc
08305b4e8df63190c35dba1c1b1b5832,NEX-GDDP-CMIP6/MIROC-ES2L/ssp585/r1i1p1f2/tasmax/tasmax_day_MIROC-ES2L_ssp585_r1i1p1f2_gn_2054.nc
3f97e0d94581aaa84bde446387d172ec,NEX-GDDP-CMIP6/MIROC-ES2L/ssp585/r1i1p1f2/tasmax/tasmax_day_MIROC-ES2L_ssp585_r1i1p1f2_gn_2055.nc
b490f8a7425ebc927b2e51e837d2f161,NEX-GDDP-CMIP6/MIROC-ES2L/ssp585/r1i1p1f2/tasmax/tasmax_day_MIROC-ES2L_ssp585_r1i1p1f2_gn_2056.nc
7834bdb6eaafe21453db990e60e0c762,NEX-GDDP-CMIP6/MIROC-ES2L/ssp585/r1i1p1f2/tasmax/tasmax_day_MIROC-ES2L_ssp585_r1i1p1f2_gn_2057.nc
6ad6b778be530e67f24504149caaf8d0,NEX-GDDP-CMIP6/MIROC-ES2L/ssp585/r1i1p1f2/tasmax/tasmax_day_MIROC-ES2L_ssp585_r1i1p1f2_gn_2058.nc
d4528c4bb071936dd197de89e5d9c819,NEX-GDDP-CMIP6/MIROC-ES2L/ssp585/r1i1p1f2/tasmax/tasmax_day_MIROC-ES2L_ssp585_r1i1p1f2_gn_2059.nc
661b8fc6b383f66ed5ffb8098f94a902,NEX-GDDP-CMIP6/MIROC-ES2L/ssp585/r1i1p1f2/tasmax/tasmax_day_MIROC-ES2L_ssp585_r1i1p1f2_gn_2060.nc
f6a7f010adf9316f7c01235fb3b2e236,NEX-GDDP-CMIP6/MIROC-ES2L/ssp585/r1i1p1f2/tasmax/tasmax_day_MIROC-ES2L_ssp585_r1i1p1f2_gn_2061.nc
1d4a7e62fbb822971ede9faf55d682db,NEX-GDDP-CMIP6/MIROC-ES2L/ssp585/r1i1p1f2/tasmax/tasmax_day_MIROC-ES2L_ssp585_r1i1p1f2_gn_2062.nc
ffcee972d95ba2a8b6b51a4141966f44,NEX-GDDP-CMIP6/MIROC-ES2L/ssp585/r1i1p1f2/tasmax/tasmax_day_MIROC-ES2L_ssp585_r1i1p1f2_gn_2063.nc
6bfd5d30faefd5ddedbcb0fe4f76179e,NEX-GDDP-CMIP6/MIROC-ES2L/ssp585/r1i1p1f2/tasmax/tasmax_day_MIROC-ES2L_ssp585_r1i1p1f2_gn_2064.nc
abdd678339d771af15c850a37b4cb51d,NEX-GDDP-CMIP6/MIROC-ES2L/ssp585/r1i1p1f2/tasmax/tasmax_day_MIROC-ES2L_ssp585_r1i1p1f2_gn_2065.nc
efc37747ff6ac6258e48403685b0a388,NEX-GDDP-CMIP6/MIROC-ES2L/ssp585/r1i1p1f2/tasmax/tasmax_day_MIROC-ES2L_ssp585_r1i1p1f2_gn_2066.nc
fc1f763db725d1d95337b69cfe286221,NEX-GDDP-CMIP6/MIROC-ES2L/ssp585/r1i1p1f2/tasmax/tasmax_day_MIROC-ES2L_ssp585_r1i1p1f2_gn_2067.nc
10c093e8200647f755af79fa8257ecff,NEX-GDDP-CMIP6/MIROC-ES2L/ssp585/r1i1p1f2/tasmax/tasmax_day_MIROC-ES2L_ssp585_r1i1p1f2_gn_2068.nc
1d240a4427ebc0ccf9976665cb63310f,NEX-GDDP-CMIP6/MIROC-ES2L/ssp585/r1i1p1f2/tasmax/tasmax_day_MIROC-ES2L_ssp585_r1i1p1f2_gn_2069.nc
bace4bb02089a82ceea48b93a36d3539,NEX-GDDP-CMIP6/MIROC-ES2L/ssp585/r1i1p1f2/tasmax/tasmax_day_MIROC-ES2L_ssp585_r1i1p1f2_gn_2070.nc
337ca12879a988c7a5317c81a5f5cd8e,NEX-GDDP-CMIP6/MIROC-ES2L/ssp585/r1i1p1f2/tasmax/tasmax_day_MIROC-ES2L_ssp585_r1i1p1f2_gn_2071.nc
3e4b6de9a34732a18370ccceb0312a5a,NEX-GDDP-CMIP6/MIROC-ES2L/ssp585/r1i1p1f2/tasmax/tasmax_day_MIROC-ES2L_ssp585_r1i1p1f2_gn_2072.nc
3b8b23ba8a44f1149dced31c9dcb40b2,NEX-GDDP-CMIP6/MIROC-ES2L/ssp585/r1i1p1f2/tasmax/tasmax_day_MIROC-ES2L_ssp585_r1i1p1f2_gn_2073.nc
0e45facd2ec7cee58d8e481efa11e9e7,NEX-GDDP-CMIP6/MIROC-ES2L/ssp585/r1i1p1f2/tasmax/tasmax_day_MIROC-ES2L_ssp585_r1i1p1f2_gn_2074.nc
313463d0825f6a3831c6eb6a31d096c4,NEX-GDDP-CMIP6/MIROC-ES2L/ssp585/r1i1p1f2/tasmax/tasmax_day_MIROC-ES2L_ssp585_r1i1p1f2_gn_2075.nc
86d9612e276a4d8c84cbce42ef314f31,NEX-GDDP-CMIP6/MIROC-ES2L/ssp585/r1i1p1f2/tasmax/tasmax_day_MIROC-ES2L_ssp585_r1i1p1f2_gn_2076.nc
fa942488f5b070fa52148331b27ba6cf,NEX-GDDP-CMIP6/MIROC-ES2L/ssp585/r1i1p1f2/tasmax/tasmax_day_MIROC-ES2L_ssp585_r1i1p1f2_gn_2077.nc
22ad077f98233ab7f65ffc058aa9eb42,NEX-GDDP-CMIP6/MIROC-ES2L/ssp585/r1i1p1f2/tasmax/tasmax_day_MIROC-ES2L_ssp585_r1i1p1f2_gn_2078.nc
3bf80c719f863fd8d401641efe22a509,NEX-GDDP-CMIP6/MIROC-ES2L/ssp585/r1i1p1f2/tasmax/tasmax_day_MIROC-ES2L_ssp585_r1i1p1f2_gn_2079.nc
b96f8bdffcb7e60c5d041d4d7d578124,NEX-GDDP-CMIP6/MIROC-ES2L/ssp585/r1i1p1f2/tasmax/tasmax_day_MIROC-ES2L_ssp585_r1i1p1f2_gn_2080.nc
9aac212bd35b6d22104dea0e0cc1fea0,NEX-GDDP-CMIP6/MIROC-ES2L/ssp585/r1i1p1f2/tasmax/tasmax_day_MIROC-ES2L_ssp585_r1i1p1f2_gn_2081.nc
3a1ea65233ddba8c6b44e354ccc70a52,NEX-GDDP-CMIP6/MIROC-ES2L/ssp585/r1i1p1f2/tasmax/tasmax_day_MIROC-ES2L_ssp585_r1i1p1f2_gn_2082.nc
aef8a62708824afa8920d89aaa1634d7,NEX-GDDP-CMIP6/MIROC-ES2L/ssp585/r1i1p1f2/tasmax/tasmax_day_MIROC-ES2L_ssp585_r1i1p1f2_gn_2083.nc
c866b2114e1c7f088400d2b5d104ffe2,NEX-GDDP-CMIP6/MIROC-ES2L/ssp585/r1i1p1f2/tasmax/tasmax_day_MIROC-ES2L_ssp585_r1i1p1f2_gn_2084.nc
f0049e401e7ed99e2935eacd2ef4a842,NEX-GDDP-CMIP6/MIROC-ES2L/ssp585/r1i1p1f2/tasmax/tasmax_day_MIROC-ES2L_ssp585_r1i1p1f2_gn_2085.nc
66a45ff8460684075aeec68bf3f52f58,NEX-GDDP-CMIP6/MIROC-ES2L/ssp585/r1i1p1f2/tasmax/tasmax_day_MIROC-ES2L_ssp585_r1i1p1f2_gn_2086.nc
b34fb070549bc3e35c0531ac16e7d241,NEX-GDDP-CMIP6/MIROC-ES2L/ssp585/r1i1p1f2/tasmax/tasmax_day_MIROC-ES2L_ssp585_r1i1p1f2_gn_2087.nc
aafb856a92520ed1f697b8a482f499a4,NEX-GDDP-CMIP6/MIROC-ES2L/ssp585/r1i1p1f2/tasmax/tasmax_day_MIROC-ES2L_ssp585_r1i1p1f2_gn_2088.nc
6c450788ce7b4c01d5272bcccf654864,NEX-GDDP-CMIP6/MIROC-ES2L/ssp585/r1i1p1f2/tasmax/tasmax_day_MIROC-ES2L_ssp585_r1i1p1f2_gn_2089.nc
9535c31b55fbd2e82ddbacf3add8ac58,NEX-GDDP-CMIP6/MIROC-ES2L/ssp585/r1i1p1f2/tasmax/tasmax_day_MIROC-ES2L_ssp585_r1i1p1f2_gn_2090.nc
ea14f1884a8c7b81420d27c412af2613,NEX-GDDP-CMIP6/MIROC-ES2L/ssp585/r1i1p1f2/tasmax/tasmax_day_MIROC-ES2L_ssp585_r1i1p1f2_gn_2091.nc
474ba8dc7ef60df461cedfe8c0088a72,NEX-GDDP-CMIP6/MIROC-ES2L/ssp585/r1i1p1f2/tasmax/tasmax_day_MIROC-ES2L_ssp585_r1i1p1f2_gn_2092.nc
1b7ad9fd00b04d2184e49d070b81f538,NEX-GDDP-CMIP6/MIROC-ES2L/ssp585/r1i1p1f2/tasmax/tasmax_day_MIROC-ES2L_ssp585_r1i1p1f2_gn_2093.nc
6a0a6fd381c9df70e9611ea90c608c77,NEX-GDDP-CMIP6/MIROC-ES2L/ssp585/r1i1p1f2/tasmax/tasmax_day_MIROC-ES2L_ssp585_r1i1p1f2_gn_2094.nc
4e50dbbb429f6db15903c21bdfb5dc76,NEX-GDDP-CMIP6/MIROC-ES2L/ssp585/r1i1p1f2/tasmax/tasmax_day_MIROC-ES2L_ssp585_r1i1p1f2_gn_2095.nc
eca8a7fc83b2bac992a4ea9b4c277b52,NEX-GDDP-CMIP6/MIROC-ES2L/ssp585/r1i1p1f2/tasmax/tasmax_day_MIROC-ES2L_ssp585_r1i1p1f2_gn_2096.nc
96b6ae26a09fda50b25efa1bd766dc1b,NEX-GDDP-CMIP6/MIROC-ES2L/ssp585/r1i1p1f2/tasmax/tasmax_day_MIROC-ES2L_ssp585_r1i1p1f2_gn_2097.nc
c88c3edd9d5cb3f4e3cce57b3fe5e251,NEX-GDDP-CMIP6/MIROC-ES2L/ssp585/r1i1p1f2/tasmax/tasmax_day_MIROC-ES2L_ssp585_r1i1p1f2_gn_2098.nc
8e852fa8245144c280c2ebc283fce620,NEX-GDDP-CMIP6/MIROC-ES2L/ssp585/r1i1p1f2/tasmax/tasmax_day_MIROC-ES2L_ssp585_r1i1p1f2_gn_2099.nc
e80c9101da29539597844cb60a318384,NEX-GDDP-CMIP6/MIROC-ES2L/ssp585/r1i1p1f2/tasmax/tasmax_day_MIROC-ES2L_ssp585_r1i1p1f2_gn_2100.nc
